0.0000e+00
2.5133e-01
5.0265e-01
7.5398e-01
1.0053e+00
1.2566e+00
1.5080e+00
1.7593e+00
2.0106e+00
2.2619e+00
2.5133e+00
2.7646e+00
3.0159e+00
3.2673e+00
3.5186e+00
3.7699e+00
4.0212e+00
4.2726e+00
4.5239e+00
4.7752e+00
5.0265e+00
5.2779e+00
5.5292e+00
5.7805e+00
6.0319e+00
6.2832e+00
6.5345e+00
6.7858e+00
7.0372e+00
7.2885e+00
7.5398e+00
7.7911e+00
8.0425e+00
8.2938e+00
8.5451e+00
8.7965e+00
9.0478e+00
9.2991e+00
9.5504e+00
9.8018e+00
1.0053e+01
1.0304e+01
1.0556e+01
1.0807e+01
1.1058e+01
1.1310e+01
1.1561e+01
1.1812e+01
1.2064e+01
1.2315e+01
1.2566e+01
1.2818e+01
1.3069e+01
1.3320e+01
1.3572e+01
1.3823e+01
1.4074e+01
1.4326e+01
1.4577e+01
1.4828e+01
1.5080e+01
1.5331e+01
1.5582e+01
1.5834e+01
1.6085e+01
1.6336e+01
1.6588e+01
1.6839e+01
1.7090e+01
1.7342e+01
1.7593e+01
1.7844e+01
1.8096e+01
1.8347e+01
1.8598e+01
1.8850e+01
1.9101e+01
1.9352e+01
1.9604e+01
1.9855e+01
2.0106e+01
2.0358e+01
2.0609e+01
2.0860e+01
2.1112e+01
2.1363e+01
2.1614e+01
2.1865e+01
2.2117e+01
2.2368e+01
2.2619e+01
2.2871e+01
2.3122e+01
2.3373e+01
2.3625e+01
2.3876e+01
2.4127e+01
2.4379e+01
2.4630e+01
2.4881e+01
